    Depth             TC   Leaf            UB             LB       Gap
0       0  126155.000000  False  134875.00000  126155.000000  6.912132
1       1  126159.166667  False  134875.00000  126159.166667  6.908601
2       2  126159.166667  False  134875.00000  126159.166667  6.908601
3       3  126159.165552  False  134875.00000  126159.166667  6.908601
4       4  127393.327470   True  127393.32747  126159.166667  0.978257
5       4  127408.333333   True  127393.32747  126159.166667  0.978257
6       3  126164.166667  False  127393.32747  126164.166667  0.974255
7       4  126168.333333  False  127393.32747  126168.333333  0.970920
8       5  127403.333333   True  127393.32747  126168.333333  0.970920
9       5  129900.000000   True  127393.32747  126168.333333  0.970920
10      4  134875.000000   True  127393.32747  126168.333333  0.970920
11      2  126166.666667  False  127393.32747  126168.333333  0.970920
12      3  126168.750000  False  127393.32747  126168.750000  0.970587
13      4  127405.555556   True  127393.32747  126168.750000  0.970587
14      4  129900.000000   True  127393.32747  126168.750000  0.970587
15      3  127400.000000   True  127393.32747  126168.750000  0.970587
16      1  126160.000000  False  127393.32747  126168.750000  0.970587
17      2  126167.500000  False  127393.32747  126168.750000  0.970587
18      3  127394.999903   True  127393.32747  126168.750000  0.970587
19      3  127400.000000   True  127393.32747  126168.750000  0.970587
20      2  129895.833333   True  127393.32747  126168.750000  0.970587

Optimal solution found
Min total cost: 127393.3274704458
Solution: [(23, 1.0), (34, 1.0), (35, 1.0), (47, 1.0)]
[0, 4, 3, 6, 0] 4.0 41200.0
[0, 5, 10, 0] 3.0 23733.333333333332
[0, 9, 2, 1, 0] 5.0 38760.0
[0, 7, 8, 0] 2.9999992112707345 23699.994137112473